-9.530218318104743958e-03 1.324415206909179688e+00 1.011624097824096680e+00 7.218563556671142578e-01 -9.100614488124847412e-02 -6.595352292060852051e-01 2.446169704198837280e-01 -1.854109466075897217e-01 -3.794945180416107178e-01 2.526682913303375244e-01
2.765802741050720215e-01 1.093629837036132812e+00 -7.171255350112915039e-01 9.520596861839294434e-01 1.032931208610534668e+00 -3.856831192970275879e-01 -5.783149003982543945e-01 3.248353004455566406e-01 -2.634029686450958252e-01 5.214945673942565918e-01
-1.436038255691528320e+00 -1.120187759399414062e+00 1.711066722869873047e+00 -4.366644322872161865e-01 1.748880982398986816e+00 1.092418670654296875e+00 -5.727537274360656738e-01 -2.094502449035644531e+00 -1.297355592250823975e-01 -9.477865099906921387e-01
-2.145730704069137573e-01 -1.578318238258361816e+00 -4.992057383060455322e-01 -3.949977457523345947e-01 -4.002567753195762634e-02 -1.800579577684402466e-01 7.782092690467834473e-01 -9.227391481399536133e-01 6.336984783411026001e-02 -6.637588888406753540e-02
8.089917898178100586e-01 -3.451533615589141846e-02 -1.468884348869323730e+00 9.687801599502563477e-01 4.101150631904602051e-01 -3.961113691329956055e-01 2.415709018707275391e+00 1.096777200698852539e+00 -1.111996844410896301e-01 1.793856263160705566e+00
4.714791774749755859e-01 -1.043001413345336914e+00 1.517540216445922852e+00 -6.503037214279174805e-01 5.163884758949279785e-01 1.838147401809692383e+00 -1.797697067260742188e+00 -1.229297995567321777e+00 -7.036513090133666992e-01 1.900129556655883789e+00
5.532231330871582031e-01 1.419532299041748047e-01 -4.048187136650085449e-01 1.500065207481384277e+00 -1.705217599868774414e+00 -1.639913916587829590e+00 8.465705513954162598e-01 9.823902845382690430e-01 -9.013978391885757446e-02 1.610189825296401978e-01
-1.587904691696166992e+00 -1.262129426002502441e+00 -1.916982829570770264e-01 -1.542744517326354980e+00 1.890555173158645630e-01 -6.967210173606872559e-01 -1.593014836311340332e+00 -1.940741539001464844e+00 4.132981598377227783e-01 2.270936071872711182e-01
6.090849041938781738e-01 1.076515316963195801e+00 -8.587311506271362305e-01 1.592593640089035034e-01 5.742541551589965820e-01 -7.179588079452514648e-01 1.749337196350097656e+00 1.353757143020629883e+00 1.626374721527099609e+00 2.225506782531738281e+00
5.057721138000488281e-01 1.257936000823974609e+00 -7.575340270996093750e-01 -6.793760657310485840e-01 5.714092850685119629e-01 -1.427529454231262207e+00 5.281643271446228027e-01 5.376368761062622070e-01 4.787440896034240723e-01 -1.398453831672668457e+00
8.401852101087570190e-03 2.187957525253295898e+00 -4.824249148368835449e-01 1.754881024360656738e+00 -1.052578568458557129e+00 8.056719899177551270e-01 1.261808991432189941e+00 1.647666573524475098e+00 -1.019573211669921875e+00 6.594285964965820312e-01
4.727037250995635986e-01 8.242183327674865723e-01 2.045396715402603149e-01 5.900045037269592285e-01 1.888773739337921143e-01 6.301926970481872559e-01 -3.855073451995849609e-01 1.760950207710266113e+00 -1.170786261558532715e+00 -1.009848713874816895e+00
4.210739731788635254e-01 -6.275512576103210449e-01 1.509595394134521484e+00 1.707802414894104004e+00 1.495990633964538574e+00 -1.395661473274230957e+00 -2.388020306825637817e-01 8.292559981346130371e-01 1.333988904953002930e-01 2.953371405601501465e-01
4.469960629940032959e-01 -3.725571930408477783e-01 1.819278895854949951e-01 7.004959136247634888e-02 1.072398424148559570e+00 -4.300482571125030518e-02 5.179029107093811035e-01 -2.507682740688323975e-01 -3.201404809951782227e-01 -8.980293869972229004e-01
-4.284296929836273193e-01 7.154450416564941406e-01 -1.815010547637939453e+00 -1.146533131599426270e+00 -5.022073984146118164e-01 3.722655177116394043e-01 8.322598338127136230e-01 -2.698592245578765869e-01 1.733492165803909302e-01 5.007070899009704590e-01
-2.042490243911743164e-01 1.473371982574462891e-01 4.356793463230133057e-01 -8.920785784721374512e-02 -3.715609908103942871e-01 -1.180785059928894043e+00 9.903339147567749023e-01 4.521982918959110975e-04 -5.720629692077636719e-01 -2.472919672727584839e-01
-1.119110956788063049e-01 -9.318112134933471680e-01 1.212629795074462891e+00 -9.273383617401123047e-01 1.824706554412841797e+00 -2.019326090812683105e-01 -1.009096384048461914e+00 -8.951160907745361328e-01 -9.223535656929016113e-01 7.540407776832580566e-01
1.123377561569213867e+00 6.482372283935546875e-01 -3.626040518283843994e-01 1.608842849731445312e+00 -1.326387286186218262e+00 -7.231650501489639282e-02 -4.593883454799652100e-01 1.010925531387329102e+00 -1.777298301458358765e-01 1.134512662887573242e+00
-2.054662227630615234e+00 -4.138095676898956299e-01 9.877163171768188477e-01 -1.824266910552978516e+00 2.362548112869262695e-01 -2.722130715847015381e-01 -1.340601444244384766e+00 -2.194156646728515625e+00 5.774467587471008301e-01 7.122117877006530762e-01
-5.336464643478393555e-01 5.465062856674194336e-01 -1.407053232192993164e+00 5.361265502870082855e-03 -5.256073474884033203e-01 2.002754688262939453e+00 3.056715726852416992e-01 2.522756814956665039e+00 1.273209452629089355e-01 -4.725197553634643555e-01
1.587362736463546753e-01 -6.348250508308410645e-01 -1.808791160583496094e+00 -1.452942371368408203e+00 -1.986300498247146606e-01 6.271545886993408203e-01 7.841737866401672363e-01 -9.682395458221435547e-01 9.075849652290344238e-01 -6.449355483055114746e-01
-5.208826065063476562e-01 1.151446580886840820e+00 -5.412669777870178223e-01 3.164009749889373779e-01 -6.792759895324707031e-01 -1.570510864257812500e+00 -3.850919902324676514e-01 6.647719144821166992e-01 2.236713021993637085e-01 7.240297794342041016e-01
-7.129847407341003418e-01 -3.791267573833465576e-01 -5.181545019149780273e-01 6.860373020172119141e-01 2.316495895385742188e+00 3.296505808830261230e-01 -2.667929828166961670e-01 -2.105514854192733765e-01 -1.045726895332336426e+00 5.430666208267211914e-01
-7.344993352890014648e-01 -7.384536266326904297e-01 1.553870320320129395e+00 3.590182065963745117e-01 -1.412672698497772217e-01 -1.473324418067932129e+00 -1.449505805969238281e+00 1.085422396659851074e+00 2.892152369022369385e-01 1.549524664878845215e+00
-2.865229547023773193e-01 5.945963263511657715e-01 -2.269536405801773071e-01 -1.095958054065704346e-01 1.511366665363311768e-01 -4.488453269004821777e-01 -1.490354776382446289e+00 7.434135675430297852e-01 3.176487386226654053e-01 -1.752535346895456314e-03
-5.582569837570190430e-01 -8.714450597763061523e-01 -3.265118002891540527e-01 -7.444307208061218262e-01 1.643013596534729004e+00 3.281994163990020752e-01 5.277510881423950195e-01 -6.120414733886718750e-01 -1.782612502574920654e-01 -8.179491162300109863e-01
-4.412209615111351013e-02 4.873293042182922363e-01 -6.453774571418762207e-01 -3.904326558113098145e-01 -8.609634637832641602e-01 3.861237168312072754e-01 -6.620284914970397949e-01 1.754636317491531372e-01 -2.588660478591918945e+00 -1.226215362548828125e-01
6.259047389030456543e-01 7.106302380561828613e-01 -2.997550070285797119e-01 1.593554019927978516e+00 -6.013628840446472168e-01 1.069266438484191895e+00 -1.324219703674316406e+00 -3.869387507438659668e-01 4.601814746856689453e-01 -8.861943483352661133e-01
1.353853940963745117e+00 1.618767082691192627e-01 8.768009543418884277e-01 -4.107424318790435791e-01 1.488575458526611328e+00 -6.227492690086364746e-01 4.385267496109008789e-01 2.780888378620147705e-01 -9.828190207481384277e-01 -5.800492167472839355e-01
9.774284362792968750e-01 1.073136091232299805e+00 -1.299930930137634277e+00 7.738387584686279297e-01 6.039645075798034668e-01 5.598150938749313354e-02 1.170267686247825623e-01 -3.129857480525970459e-01 -1.039825916290283203e+00 1.678702235221862793e-02
-1.217085719108581543e-01 3.316451907157897949e-01 2.299316525459289551e-01 4.278851449489593506e-01 -9.200267195701599121e-01 -4.027709737420082092e-02 8.800239861011505127e-02 9.686012864112854004e-01 1.422867417335510254e+00 5.280925035476684570e-01
-9.320342540740966797e-01 -2.652970552444458008e-01 -4.947382211685180664e-01 -4.213235676288604736e-01 1.918117761611938477e+00 -1.966714709997177124e-01 -1.060403347015380859e+00 -1.493857264518737793e+00 -9.805307388305664062e-01 3.415402472019195557e-01
-4.716761410236358643e-01 1.174989342689514160e+00 1.972543954849243164e+00 -5.561327934265136719e-01 -4.883100986480712891e-01 -2.975570857524871826e-01 -6.647200584411621094e-01 -1.031525254249572754e+00 -1.044801592826843262e+00 -4.479624629020690918e-01
4.496594369411468506e-01 6.215676069259643555e-01 -3.448478281497955322e-01 6.245778799057006836e-01 1.796281337738037109e+00 7.151673436164855957e-01 -2.294667512178421021e-01 5.715358853340148926e-01 -1.800707340240478516e+00 -3.446132242679595947e-01
-2.358544319868087769e-01 -1.013983368873596191e+00 1.563559174537658691e+00 -6.805472970008850098e-01 6.006032228469848633e-01 9.627720713615417480e-02 -1.649736523628234863e+00 -1.530105829238891602e+00 1.406706422567367554e-01 -5.757338404655456543e-01
6.764098405838012695e-01 -2.333900034427642822e-01 -8.958861827850341797e-01 4.938456118106842041e-01 -9.980758428573608398e-01 1.947189927101135254e+00 -1.565140336751937866e-01 -1.306583046913146973e+00 6.020535826683044434e-01 -1.338526129722595215e+00
1.127962112426757812e+00 1.678943514823913574e+00 -5.607538819313049316e-01 4.786730706691741943e-01 -6.767629832029342651e-02 1.080435514450073242e+00 -6.196423172950744629e-01 1.579872250556945801e+00 -6.535397768020629883e-01 8.969692140817642212e-02
-1.111110687255859375e+00 -9.722965359687805176e-01 2.402761727571487427e-01 -1.466626286506652832e+00 6.866933312267065048e-03 -1.637483000755310059e+00 -2.071523070335388184e-01 -9.875566959381103516e-01 -8.423793911933898926e-01 -7.875142693519592285e-01
-1.083324790000915527e+00 -1.019262909889221191e+00 5.240862369537353516e-01 -1.503232121467590332e+00 1.047974348068237305e+00 5.247796177864074707e-01 -1.849877715110778809e+00 2.079048752784729004e-02 1.735265851020812988e-01 -1.067248821258544922e+00
-1.151784896850585938e+00 2.274077236652374268e-01 -2.858080267906188965e-01 -9.577263593673706055e-01 5.453609228134155273e-01 -7.583894729614257812e-01 -3.062247633934020996e-01 8.694688677787780762e-01 1.128701090812683105e+00 3.168361485004425049e-01
-1.761818170547485352e+00 -9.049862027168273926e-01 5.817436054348945618e-02 2.491041570901870728e-01 -5.158892869949340820e-01 2.529025554656982422e+00 4.002255573868751526e-02 3.552259206771850586e-01 7.442514300346374512e-01 -2.309233903884887695e+00
4.094899296760559082e-01 -4.638777077198028564e-01 -2.192535400390625000e-01 3.300254344940185547e-01 -4.627197086811065674e-01 -1.783974289894104004e+00 -1.578779518604278564e-01 1.205647587776184082e+00 3.831755518913269043e-01 1.320255160331726074e+00
-3.852519989013671875e-01 4.921959340572357178e-01 -5.566574931144714355e-01 2.201912924647331238e-02 1.179330229759216309e+00 -8.025301694869995117e-01 -3.167343139648437500e-01 -5.621822476387023926e-01 1.631688475608825684e-01 1.159357503056526184e-01
9.000054001808166504e-02 -5.705261602997779846e-02 1.521485686302185059e+00 -1.335380196571350098e+00 -3.102815896272659302e-02 3.600958287715911865e-01 -7.240679264068603516e-01 -1.660092949867248535e+00 7.226750850677490234e-01 -1.900022387504577637e+00
-4.256972372531890869e-01 -9.134531021118164062e-01 -1.076546758413314819e-01 7.024405002593994141e-01 -5.771381258964538574e-01 -3.807138204574584961e-01 3.855420947074890137e-01 -1.803841888904571533e-01 -4.005495905876159668e-01 -2.044574320316314697e-01
-2.454301714897155762e-01 1.360404253005981445e+00 -1.510297894477844238e+00 1.611944884061813354e-01 7.483941316604614258e-01 6.757754087448120117e-02 -7.305892705917358398e-01 7.836529016494750977e-01 -1.257907390594482422e+00 -6.991285681724548340e-01
9.884462952613830566e-01 1.217820644378662109e+00 -1.491771936416625977e+00 1.759859681129455566e+00 -5.417894124984741211e-01 -4.237530529499053955e-01 2.648879766464233398e+00 3.285927534103393555e+00 7.090560793876647949e-01 -1.965077519416809082e-01
-7.927823662757873535e-01 8.052343130111694336e-01 -2.121085405349731445e+00 -7.193815112113952637e-01 4.630533158779144287e-01 3.280577361583709717e-01 5.014343652874231339e-03 4.201784729957580566e-02 1.119761824607849121e+00 -8.901543617248535156e-01
1.154027700424194336e+00 1.646227717399597168e+00 1.772794842720031738e+00 5.077477693557739258e-01 1.509680032730102539e+00 4.058298468589782715e-01 8.036502599716186523e-01 1.798091977834701538e-01 -1.908366382122039795e-01 -2.609018385410308838e-01
-1.075998187065124512e+00 -9.749326109886169434e-01 -8.735667467117309570e-01 -1.208454489707946777e+00 2.045380353927612305e+00 -7.351061105728149414e-01 -9.416214823722839355e-01 -7.877355813980102539e-01 1.175333857536315918e+00 9.119701981544494629e-01
-1.941953778266906738e+00 6.757230162620544434e-01 7.653242349624633789e-01 -1.075456261634826660e+00 -9.744156152009963989e-02 4.979407787322998047e-01 -1.568316221237182617e-01 -1.406913995742797852e+00 3.186588883399963379e-01 -5.326828956604003906e-01
-1.695607900619506836e-01 1.315041780471801758e+00 -1.879925012588500977e+00 -5.639743208885192871e-01 -6.346758920699357986e-03 9.061987400054931641e-01 1.022621870040893555e+00 -1.834008283913135529e-02 2.678133733570575714e-02 2.162382602691650391e-01
5.603891611099243164e-01 4.663451611995697021e-01 -8.651592135429382324e-01 3.283110558986663818e-01 5.310956239700317383e-01 2.899352312088012695e-01 5.346200466156005859e-01 1.916889250278472900e-01 -2.132586002349853516e+00 4.341813325881958008e-01
1.662443995475769043e+00 6.983962655067443848e-01 -2.718435823917388916e-01 1.637896776199340820e+00 5.825948119163513184e-01 -2.626747488975524902e-01 3.758608400821685791e-01 9.497035741806030273e-01 -1.792019009590148926e+00 -1.568327397108078003e-01
-9.572917222976684570e-01 4.950703978538513184e-01 -1.091078996658325195e+00 6.572583913803100586e-01 -2.627112567424774170e-01 1.247938513755798340e+00 -4.108991920948028564e-01 1.887926310300827026e-01 3.159890472888946533e-01 7.767840623855590820e-01
-1.015832662582397461e+00 -5.976160615682601929e-02 2.178639024496078491e-01 -2.019756585359573364e-01 1.746201038360595703e+00 -2.096812427043914795e-01 7.865578532218933105e-01 -2.407479472458362579e-02 -4.777526259422302246e-01 3.048337101936340332e-01
-4.836922883987426758e-01 2.895510792732238770e-01 5.952651500701904297e-01 4.052932858467102051e-01 1.072254031896591187e-01 1.090490341186523438e+00 2.299990504980087280e-01 5.665168166160583496e-01 8.448948860168457031e-01 1.382790088653564453e+00
-8.328063488006591797e-01 -3.401063382625579834e-01 -1.728411167860031128e-01 -9.815993905067443848e-01 -2.444002926349639893e-01 1.652978181838989258e+00 -3.016900122165679932e-01 3.002731502056121826e-01 1.333949714899063110e-01 4.368860423564910889e-01
-5.421010851860046387e-01 7.571285963058471680e-01 -2.026384115219116211e+00 2.899851500988006592e-01 -1.159672260284423828e+00 -8.314571976661682129e-01 -4.451012313365936279e-01 9.828603267669677734e-01 9.333741664886474609e-02 9.338033795356750488e-01
2.820867061614990234e+00 2.656108856201171875e+00 6.485691666603088379e-01 2.563549518585205078e+00 3.888440728187561035e-01 -1.460343837738037109e+00 2.981118679046630859e+00 2.446961879730224609e+00 -9.445605278015136719e-01 5.646089315414428711e-01
5.278776884078979492e-01 -1.221474528312683105e+00 1.307095766067504883e+00 -1.134449392557144165e-01 -1.407795667648315430e+00 4.916782563668675721e-05 -6.522843837738037109e-01 1.225590589456260204e-03 -9.229434281587600708e-02 -1.080294489860534668e+00
-1.061404943466186523e+00 -5.964275598526000977e-01 -3.847954869270324707e-01 -1.527642756700515747e-01 4.538186788558959961e-01 6.233280897140502930e-01 -5.646432638168334961e-01 -4.278959929943084717e-01 1.680122017860412598e+00 -1.363450050354003906e+00
-1.469768166542053223e+00 2.227507978677749634e-01 2.023956537246704102e+00 -5.313705205917358398e-01 9.414863586425781250e-01 9.198802709579467773e-01 -8.805629611015319824e-02 -1.265780806541442871e+00 1.784033656120300293e+00 3.296169042587280273e-01
9.898120164871215820e-01 -4.139662384986877441e-01 1.143458008766174316e+00 1.106139302253723145e+00 4.641606807708740234e-01 4.539737403392791748e-01 -7.712481021881103516e-01 3.469459116458892822e-01 3.233506083488464355e-01 2.252949953079223633e+00
4.746918380260467529e-01 -3.947482407093048096e-01 6.677175164222717285e-01 1.358473002910614014e-01 9.231575131416320801e-01 1.271390765905380249e-01 9.029523730278015137e-01 -6.010124683380126953e-01 7.425119876861572266e-01 8.107239603996276855e-01
7.993382811546325684e-01 2.848551869392395020e-01 -1.862531423568725586e+00 1.098263263702392578e+00 -1.762151122093200684e-01 -3.829545080661773682e-01 5.291882157325744629e-01 -2.219064235687255859e-01 8.445917367935180664e-01 -1.890971660614013672e-01
2.028022259473800659e-01 -6.693053245544433594e-01 4.767163991928100586e-01 -7.435163855552673340e-01 -2.410512864589691162e-01 -6.446845829486846924e-02 -3.766579926013946533e-01 -6.010771542787551880e-02 1.702108263969421387e+00 -1.136874437332153320e+00
1.483093023300170898e+00 1.391723752021789551e-01 6.309750676155090332e-01 1.077337145805358887e+00 -1.528434991836547852e+00 5.380843877792358398e-01 9.274753332138061523e-01 3.308826386928558350e-01 1.197756290435791016e+00 5.149087905883789062e-01
-1.271780610084533691e+00 7.472984790802001953e-01 -2.830574214458465576e-01 1.295504570007324219e-01 1.532251358032226562e+00 1.237500682473182678e-01 -6.036374568939208984e-01 -8.581258058547973633e-01 -1.908504247665405273e+00 -6.533715128898620605e-01
-1.051678776741027832e+00 1.129763484001159668e+00 -2.235291153192520142e-01 -8.427326083183288574e-01 -1.279925107955932617e-01 -7.790414094924926758e-01 -3.401204347610473633e-01 6.780159473419189453e-01 5.926786661148071289e-01 -4.490833580493927002e-01
1.791986346244812012e+00 1.774897217750549316e+00 -1.929758906364440918e+00 1.821962952613830566e+00 3.536875173449516296e-02 -6.670663952827453613e-01 1.035711407661437988e+00 1.398971319198608398e+00 -2.512312650680541992e+00 4.632421433925628662e-01
1.170880421996116638e-01 -1.424903988838195801e+00 -2.585411667823791504e-01 -8.013961315155029297e-01 -1.568140387535095215e-01 -2.729305922985076904e-01 -9.786167144775390625e-01 -4.346535801887512207e-01 7.717455625534057617e-01 -6.504976153373718262e-01
-3.319041803479194641e-02 -4.042258858680725098e-02 1.633050590753555298e-01 -8.192811012268066406e-01 6.032842993736267090e-01 8.181253671646118164e-01 6.753166913986206055e-01 -5.048458576202392578e-01 4.925372600555419922e-01 1.965568512678146362e-01
7.493963241577148438e-01 -9.815424680709838867e-01 -7.973297834396362305e-01 -2.634880244731903076e-01 -6.267198324203491211e-01 -8.561977744102478027e-01 5.744997262954711914e-01 -1.474555730819702148e-01 1.352108716964721680e+00 -4.165366590023040771e-01
2.432544380426406860e-01 5.455785989761352539e-01 1.158123493194580078e+00 8.385906815528869629e-01 1.183843705803155899e-02 -3.270784914493560791e-01 3.272312581539154053e-01 -5.524685382843017578e-01 3.942860290408134460e-02 -4.310249984264373779e-01
-1.391596794128417969e+00 -6.778185814619064331e-02 -1.265272945165634155e-01 -6.432535052299499512e-01 -8.717259764671325684e-01 5.967043638229370117e-01 1.521045804023742676e+00 7.587536573410034180e-01 6.270275712013244629e-01 2.575913071632385254e-01
5.963094830513000488e-01 3.049963712692260742e-01 -8.584240078926086426e-01 -4.411393404006958008e-02 5.989521741867065430e-01 2.142986208200454712e-01 2.686369121074676514e-01 3.642532527446746826e-01 -1.708787083625793457e+00 6.047787666320800781e-01
3.413710594177246094e-01 -9.661002159118652344e-01 -1.959565877914428711e-01 5.474204197525978088e-02 -7.522758245468139648e-01 -6.851785182952880859e-01 -4.210040867328643799e-01 1.805711686611175537e-01 6.786723732948303223e-01 1.676251649856567383e+00
-3.746859431266784668e-01 1.020580768585205078e+00 -9.394637942314147949e-01 -6.220784969627857208e-03 -6.029905378818511963e-02 -2.025366425514221191e-01 -2.296705991029739380e-01 -6.225354075431823730e-01 2.860107123851776123e-01 9.588464498519897461e-01
1.581543684005737305e-01 3.415424823760986328e-01 6.290909647941589355e-01 3.176973760128021240e-01 -1.330863714218139648e+00 1.978656291961669922e+00 4.719663560390472412e-01 4.045807719230651855e-01 8.653795123100280762e-01 -1.350990772247314453e+00
-1.075141072273254395e+00 -1.158489823341369629e+00 2.000315636396408081e-01 -1.120117068290710449e+00 -9.321067333221435547e-01 -3.361478149890899658e-01 -1.027632832527160645e+00 -1.301719069480895996e+00 2.131192088127136230e-01 -5.155454576015472412e-02
9.905745387077331543e-01 1.293226242065429688e+00 4.270698130130767822e-01 6.415573954582214355e-01 -1.588563442230224609e+00 -1.333300352096557617e+00 -2.005689293146133423e-01 2.602195262908935547e+00 3.051837086677551270e-01 -1.590242236852645874e-01
1.247161149978637695e+00 2.306295186281204224e-01 7.383800148963928223e-01 8.514446616172790527e-01 -7.252078056335449219e-01 1.787144690752029419e-01 1.110463738441467285e+00 4.748619198799133301e-01 -5.595837906002998352e-02 4.920047521591186523e-01
-6.939548254013061523e-01 -6.544728875160217285e-01 -1.130304098129272461e+00 -1.988971780519932508e-04 -1.081798076629638672e+00 1.556088089942932129e+00 1.597953915596008301e+00 -6.410031318664550781e-01 5.659131705760955811e-02 -3.371991813182830811e-01
-6.236562728881835938e-01 -3.101878166198730469e-01 -6.780447363853454590e-01 4.944662153720855713e-01 4.851841330528259277e-01 1.788667291402816772e-01 7.743627429008483887e-01 -7.487038373947143555e-01 -1.068309307098388672e+00 -6.475234031677246094e-01
1.012591838836669922e+00 1.416958808898925781e+00 1.034052729606628418e+00 8.673021197319030762e-01 -3.303324580192565918e-01 -2.501348018646240234e+00 5.540864467620849609e-01 1.625154018402099609e-01 -6.041894555091857910e-01 7.356893420219421387e-01
-5.645248293876647949e-01 1.915497332811355591e-01 -5.351009964942932129e-02 -3.374723494052886963e-01 6.922088861465454102e-01 -1.218618273735046387e+00 1.673706531524658203e+00 -1.190927028656005859e+00 5.583585500717163086e-01 7.830513715744018555e-01
9.629310667514801025e-02 -2.253948301076889038e-01 1.722637772560119629e+00 1.205951422452926636e-01 -1.280880212783813477e+00 -1.926073074340820312e+00 4.582070410251617432e-01 1.129093766212463379e+00 7.581429481506347656e-01 1.235074281692504883e+00
8.927735090255737305e-01 -9.259832501411437988e-01 -4.652774035930633545e-01 -7.440204024314880371e-01 -1.714985013008117676e+00 9.281312823295593262e-01 6.517583131790161133e-01 -4.879984557628631592e-01 2.168176174163818359e-01 -4.083965122699737549e-01
4.158423840999603271e-02 -3.649608045816421509e-02 -7.913352251052856445e-01 4.165892302989959717e-01 3.634177446365356445e-01 -9.452747106552124023e-01 1.316484689712524414e+00 -6.361518502235412598e-01 2.133974790573120117e+00 3.066973388195037842e-01
-1.295266985893249512e+00 -6.203094720840454102e-01 3.831302523612976074e-01 -2.446229606866836548e-01 -1.560469746589660645e+00 -3.686114549636840820e-01 2.118666023015975952e-01 -1.392341375350952148e+00 5.728275179862976074e-01 1.014801561832427979e-01
9.260552525520324707e-01 1.447396397590637207e+00 -5.966101586818695068e-02 9.128981232643127441e-01 -1.687910556793212891e-01 -4.857648611068725586e-01 1.212837576866149902e+00 7.771109342575073242e-01 -8.229716420173645020e-01 -1.518800258636474609e+00
-2.524112761020660400e-01 1.022469878196716309e+00 1.001379132270812988e+00 9.805417060852050781e-02 8.137406706809997559e-01 2.549493312835693359e-01 -2.128512412309646606e-01 1.165484666824340820e+00 1.257470846176147461e+00 1.077705979347229004e+00
8.543506860733032227e-01 -1.333726644515991211e-01 1.016439199447631836e+00 -8.917151093482971191e-01 1.554685115814208984e+00 6.061777472496032715e-01 -2.988454699516296387e-01 1.123318672180175781e+00 4.629459083080291748e-01 5.352118611335754395e-01
1.868054628372192383e+00 9.354342222213745117e-01 1.188219428062438965e+00 1.361167669296264648e+00 8.033002614974975586e-01 -4.099401533603668213e-01 3.976548314094543457e-01 1.754142284393310547e+00 -5.255382657051086426e-01 -2.276241928339004517e-01
5.305238962173461914e-01 2.054769098758697510e-01 1.292870044708251953e+00 5.477014780044555664e-01 -1.222516536712646484e+00 2.117944061756134033e-01 1.041937947273254395e+00 7.931591868400573730e-01 1.953586488962173462e-01 1.108781218528747559e+00
-1.824375241994857788e-01 2.326303422451019287e-01 7.292147874832153320e-01 -7.686566710472106934e-01 -1.059414505958557129e+00 1.831170022487640381e-01 -2.357990145683288574e-01 -1.012060880661010742e+00 -1.236461043357849121e+00 6.219468116760253906e-01
7.054129838943481445e-01 -2.226341068744659424e-01 5.375443100929260254e-01 -1.224122755229473114e-02 1.007626891136169434e+00 -1.807435452938079834e-01 7.403658330440521240e-02 4.380021095275878906e-01 -1.321959614753723145e+00 1.050714254379272461e+00
-3.917166292667388916e-01 -6.565629243850708008e-01 -1.721466064453125000e+00 -5.699961781501770020e-01 3.850430548191070557e-01 -1.332885622978210449e+00 -9.507027268409729004e-01 -1.613768815994262695e+00 2.801198884844779968e-02 -1.503865718841552734e+00
4.134996831417083740e-01 -4.143193364143371582e-01 5.312920808792114258e-01 1.851031780242919922e+00 5.331848859786987305e-01 -3.893471658229827881e-01 2.513855218887329102e+00 1.869145154953002930e+00 -2.874588668346405029e-01 8.090162873268127441e-01
